0 0.05973660610081206 0.5594315245478036 0.07168392732097446 0.17312661498708018
0 0.18398874679050106 0.5077519379844958 0.02070869011494817 0.04909560723514204
0 0.8044529621576022 0.5426356589147286 0.041417380229896425 0.1395348837209302
0 0.7160427851284004 0.5116279069767442 0.023894642440324815 0.05684754521963825
0 0.6523237386208678 0.536175710594315 0.06849797499559761 0.15245478036175697
0 0.5933836206013996 0.5335917312661499 0.02708059476570142 0.11111111111111115
0 0.6188712392044128 0.5155038759689923 0.017522737789571606 0.08010335917312666
0 0.5471873118834384 0.5155038759689923 0.017522737789571464 0.07493540051679581
0 0.4898401700266588 0.5116279069767442 0.014336785464194932 0.06718346253229975
0 0.5113453482229511 0.5155038759689923 0.022301666277636443 0.07493540051679581
1 0.5009910031654771 0.5064599483204135 0.014336785464194932 0.02583979328165377
