0 0.19028662420382164 0.6026219186074779 0.058917197452229286 0.22393883405455334
0 0.46337579617834396 0.5661375018233091 0.02866242038216562 0.11071133368989167
0 0.5461783439490446 0.6101704186317888 0.05732484076433124 0.228971167404094
0 0.9641719745222929 0.5912991685710118 0.06847133757961771 0.18619633393299942
0 0.38773885350318466 0.5988476685953226 0.0334394904458599 0.17613166723391843
0 0.34474522292993626 0.5661375018233091 0.02388535031847134 0.12580833373851305
0 0.7261146496815287 0.592557251908397 0.07006369426751592 0.1836801672582293
0 0.12181528662420377 0.5824925852093158 0.04617834394904451 0.1434215004619049
0 0.3256369426751592 0.564879418485924 0.02070063694267514 0.10316283366558075
0 0.36703821656050956 0.5799764185345456 0.020700636942675175 0.12832450041328328
0 0.675955414012739 0.5673955851606942 0.027070063694267645 0.11322750036466182
1 0.5095541401273885 0.5019752516166675 0.019108280254777055 0.027677833422472917
