0 0.07961783439490443 0.5082834315485172 0.04140127388535034 0.09149101767873309
0 0.10589171974522295 0.49938847149641824 0.023885350318471322 0.06353542894356465
0 0.23726114649681526 0.5070127229696461 0.028662420382165585 0.07370109757453498
0 0.44028662420382164 0.49938847149641824 0.01751592356687901 0.0533697603125944
0 0.5406050955414012 0.5197198087583588 0.03662420382165614 0.1092809377829311
0 0.5644904458598726 0.5044713058119034 0.020700636942675245 0.06353542894356473
0 0.6886942675159236 0.5057420143907747 0.027070063694267503 0.07624251473227758
0 0.8407643312101911 0.5057420143907747 0.025477707006369456 0.07624251473227758
1 0.824044585987261 0.5032005972330321 0.023885350318471266 0.06607684610130729
1 0.5007961783439491 0.49938847149641824 0.014331210191082846 0.022872754419683332
