0 0.28423566878980894 0.586771314947137 0.033439490445859865 0.11786672701994902
0 0.3558917197452229 0.5726785541077952 0.027070063694267576 0.0845565650360502
0 0.4084394904458599 0.5688350738788839 0.020700636942675175 0.06662032396779714
0 0.4681528662420382 0.5726785541077953 0.025477707006369456 0.07430728442561993
0 0.6170382165605095 0.5880524750234407 0.03025477707006374 0.1050551262569109
0 0.6552547770700637 0.573959714184099 0.02388535031847141 0.08199424488344263
0 0.6815286624203821 0.5778031944130104 0.03821656050955411 0.09480584564648062
0 0.7603503184713375 0.5688350738788839 0.020700636942675175 0.07174496427301236
0 0.8431528662420384 0.6059887160916939 0.05573248407643303 0.1511768890038474
1 0.5007961783439491 0.5022147499110866 0.01751592356687901 0.03074784183129104
